[Pattern_Summary]
Version=2.00
Patterns=2
[Pattern_1
Name=Line
L=0.0
Type=2
Beam=1
MaterialFile=c:
Depth=1.000000
Dwell=000001000
Overlap=50.000000
Time=0.000254
GIS=0
EPD=0
Rotation=0.000000
PixelsPerMicron=1.585548
[Pattern_2
Name=Line
L=40.872093
Type=2
Beam=1
MaterialFile=c:
Depth=1.000000
Dwell=000001000
Overlap=50.000000
Time=0.000254
GIS=0
EPD=0
Rotation=0.000000
PixelsPerMicron=1.585548
